33,4
33,2
33,1
33,0
<<<<<<< HEAD
<<<<<<< HEAD
=======
3,70
2,66
3,69
2,65
1,68
3,68
32,3
32,2
32,1
32,0
2,64
1,67
3,67
2,63
1,66
>>>>>>> DEV2
=======
>>>>>>> DEV2
31,4
31,2
31,1
31,0
30,5
30,4
30,2
30,1
30,0
<<<<<<< HEAD
<<<<<<< HEAD
=======
1,64
3,64
1,63
3,63
2,60
1,62
29,4
29,3
29,2
29,1
29,0
3,62
2,59
1,61
3,61
2,58
>>>>>>> DEV2
=======
>>>>>>> DEV2
28,4
28,2
28,1
28,0
<<<<<<< HEAD
<<<<<<< HEAD
=======
1,60
3,60
1,59
3,59
2,57
1,58
27,3
27,2
27,1
27,0
3,58
2,56
1,57
3,57
2,55
>>>>>>> DEV2
=======
>>>>>>> DEV2
26,4
26,2
26,1
26,0
<<<<<<< HEAD
<<<<<<< HEAD
=======
1,56
3,56
2,54
1,55
3,55
>>>>>>> DEV2
=======
>>>>>>> DEV2
25,4
25,2
25,1
25,0
<<<<<<< HEAD
<<<<<<< HEAD
=======
2,53
1,54
3,54
2,52
1,53
>>>>>>> DEV2
=======
>>>>>>> DEV2
24,4
24,2
24,1
24,0
<<<<<<< HEAD
<<<<<<< HEAD
=======
3,53
23,3
23,2
23,1
23,0
>>>>>>> DEV2
=======
>>>>>>> DEV2
22,4
22,2
22,1
22,0
21,5
21,4
21,2
21,1
21,0
19,4
19,2
19,1
19,0
<<<<<<< HEAD
<<<<<<< HEAD
=======
3,52
18,3
18,2
18,1
18,0
2,51
1,52
17,3
17,2
17,1
17,0
3,51
2,50
>>>>>>> DEV2
16,3
16,2
16,1
16,0
<<<<<<< HEAD
7,3
6,6
6,5
6,4
6,3
6,2
5,3
5,2
4,3
4,2
3,2
3,0
2,2
2,0
1,2
1,0
0,9
=======
1,51
3,50
15,3
15,2
15,1
15,0
2,49
1,50
14,3
14,2
14,1
14,0
3,49
2,48
13,3
13,2
13,1
13,0
1,49
3,48
12,3
12,2
12,1
12,0
2,47
1,48
11,3
11,2
11,1
11,0
3,47
2,46
10,3
10,2
10,1
10,0
1,47
3,46
9,3
9,2
9,1
9,0
2,45
2,2
1,46
1,2
8,3
8,2
8,1
8,0
0,9
3,45
3,2
5,3
4,3
7,3
>>>>>>> DEV2
1,45
3,44
=======
16,2
16,1
16,0
7,3
>>>>>>> DEV2
2,44
2,43
2,42
2,41
2,40
2,39
1,37
3,31
2,31
2,27
1,20
2,14
2,12
1,12
3,11
2,11
1,11
3,10
2,10
1,10
3,9
2,9
1,9
3,8
2,8
3,7
2,7
1,7
1,6
1,5
1,4
0,6
<<<<<<< HEAD
0,0
=======
>>>>>>> 992259d40251a3aed98a41cc1f24216e59ba4557
0,49
33,3
31,3
30,3
28,3
26,3
25,3
24,3
22,3
21,3
19,3
16,3
5,3
4,3
3,44
3,43
3,42
3,41
3,40
3,39
3,38
3,37
3,36
3,35
3,34
3,33
3,32
3,31
3,30
3,29
3,28
3,27
3,26
3,25
3,24
3,23
3,22
3,21
3,20
3,19
3,18
3,17
3,16
3,15
3,14
3,13
3,12
3,6
3,5
3,4
3,3
3,2
3,0
2,38
2,37
2,36
2,35
2,34
2,33
2,32
2,7
2,30
2,29
2,28
2,26
2,25
2,24
2,23
2,22
2,21
2,20
2,19
2,18
2,17
2,16
2,15
2,13
2,6
2,5
2,4
2,3
2,2
2,0
1,45
1,44
1,43
1,42
1,41
1,40
1,39
1,38
1,36
1,35
1,34
1,33
1,32
1,8
1,7
1,31
1,30
1,29
1,28
1,27
1,26
1,25
1,24
1,23
1,22
1,21
1,19
1,18
1,17
1,16
1,15
1,14
1,13
1,3
1,2
1,0
0,48
0,47
0,46
0,45
0,12
0,11
0,10
0,9
0,8
0,5
0,7
0,4
0,3
